[48, 50, 51, 53, 55, 56, 58]true
[12, 13, 14, 16, 17]true
[10, 12, 14, 17, 20, 23, 26]true
[13, 14, 16, 18, 19]true
[2, 3, 4, 5, 7, 9]true
[19, 22, 23, 21]false
[49, 51, 53, 53, 56, 56]false
[16, 19, 22, 25]true
[20, 22, 25, 28, 28, 34]false
[38, 41, 43, 44, 47, 50, 51]true
[19, 22, 25, 26, 29, 32, 29]false
[31, 32, 35, 35]false
[43, 45, 46, 50]false
[70, 71, 72, 78]false
[43, 45, 52, 55, 57, 59, 60]false
[19, 21, 23, 26]true
[87, 88, 94, 95, 98, 98]false
[12, 15, 17, 19, 21, 27, 31]false
[58, 59, 60, 61, 63, 70, 76]false
[54, 57, 60, 63, 65, 66, 73]false
[78, 80, 82, 83, 84, 85, 87]true
[83, 84, 93, 94, 97, 97]false
[55, 57, 65, 68, 71, 73, 77]false
[59, 62, 65, 66, 78]false
[69, 70, 72, 73, 74, 76]true
[45, 44, 50, 52, 51]false
[42, 41, 44, 47, 48, 48]false
[70, 69, 71, 74, 75, 77, 81]false
[60, 59, 61, 62, 65, 66, 71]false
[29, 28, 27, 32]false
[55, 52, 58, 61, 60, 63, 61]false
[57, 55, 52, 55, 56, 56]false
[21, 18, 18, 19, 22, 26]false
[35, 34, 35, 37, 44]false
[61, 59, 60, 62, 65, 68]false
[43, 41, 44, 46, 47, 50, 49]false
[27, 26, 31, 31, 33, 33]false
[39, 36, 39, 43]false
[10, 9, 10, 13, 18]false
[41, 40, 45, 47, 51, 52]false
[16, 14, 20, 21, 19]false
[44, 42, 44, 45, 49, 49]false
[10, 9, 15, 16, 19, 23]false
[53, 51, 57, 61, 66]false
[3, 1, 4, 10, 13]false
[52, 50, 58, 56]false
[25, 23, 29, 31, 32, 39, 39]false
[9, 7, 14, 17, 20, 24]false
[10, 9, 13, 14, 16, 22, 28]false
[64, 65, 66, 67]true
[1, 2, 3, 5, 6, 8, 6]false
[53, 56, 57, 60, 61, 61]false
[35, 36, 37, 40, 42, 44, 48]false
[28, 31, 32, 35, 41]false
[34, 35, 38, 36, 39]false
[71, 72, 71, 69]false
[52, 54, 51, 52, 55, 58, 58]false
[39, 42, 43, 42, 44, 46, 50]false
[87, 88, 86, 88, 91, 97]false
[63, 64, 64, 66, 67, 70, 73]false
[41, 44, 45, 45, 42]false
[11, 11, 14, 16, 16]false
[78, 81, 84, 84, 86, 90]false
[30, 30, 31, 34, 36, 43]false
[61, 64, 66, 67, 71, 73, 75]false
[17, 21, 22, 23, 20]false
[84, 88, 89, 89]false
[15, 19, 21, 24, 28]false
[11, 14, 18, 19, 26]false
[47, 53, 54, 57, 59, 60, 62]false
[93, 94, 99, 98]false
[61, 64, 65, 70, 71, 74, 74]false
[64, 67, 68, 75, 78, 79, 83]false
[59, 62, 69, 76]false
[87, 89, 92, 93, 95, 97]true
[72, 79, 82, 81]false
[65, 72, 74, 76, 76]false
[20, 27, 28, 30, 33, 37]false
[2, 9, 12, 13, 19]false
[27, 28, 31, 32]true
[31, 36, 38, 39, 37, 36]false
[23, 28, 30, 29, 32, 32]false
[19, 25, 23, 26, 29, 30, 34]false
[43, 44, 47, 50, 56]false
[9, 15, 17, 17, 19, 21]false
[37, 43, 43, 41]false
[79, 85, 87, 87, 87]false
[17, 21, 23, 27]false
[20, 27, 28, 30, 30, 33, 40]false
[38, 46, 48, 51]false
[41, 47, 51, 54, 53]false
[48, 54, 56, 60, 63, 63]false
[21, 29, 30, 34]false
[73, 78, 82, 83, 86, 93]false
[71, 81, 84, 85]false
[79, 89, 90, 92, 91]false
[25, 34, 37, 37]false
[4, 15, 18, 19, 23]false
[15, 22, 29, 30, 31, 38]false
[76, 77, 80, 83]true
[5, 13, 15, 18, 15]false
[31, 37, 38, 38]false
[38, 48, 49, 50, 51, 54, 58]false
[15, 23, 26, 28, 31, 38]false
[11, 14, 17, 19, 21]true
[66, 75, 77, 75, 76, 75]false
[72, 74, 76, 76]false
[14, 23, 24, 23, 26, 30]false
[53, 60, 63, 60, 62, 68]false
[59, 68, 71, 71, 73, 76]false
[20, 27, 29, 29, 31, 29]false
[83, 92, 95, 95, 97, 99, 99]false
[50, 58, 61, 61, 63, 67]false
[48, 54, 57, 58, 60, 65]false
[75, 84, 86, 89, 90, 93]false
[19, 28, 29, 33, 32]false
[6, 12, 16, 19, 19]false
[74, 83, 84, 85, 89, 91, 95]false
[3, 12, 16, 21]false
[63, 71, 76, 77, 80]false
[55, 69, 72, 73, 70]false
[16, 22, 24, 27, 29, 36, 36]false
[38, 51, 54, 58]false
[9, 19, 20, 23, 24, 30]false
[39, 37, 35, 34]true
[52, 50, 47, 46, 44, 41, 39]true
[35, 34, 33, 31, 30, 27, 24]true
[75, 73, 70, 67]true
[20, 19, 18, 16, 14, 14]false
[44, 42, 42, 40, 39, 40]false
[59, 57, 56, 54, 52, 50, 50]false
[63, 60, 59, 59, 57, 53]false
[23, 21, 22, 16]false
[69, 66, 63, 60]true
[66, 64, 61, 59, 58, 61]false
[45, 43, 40, 40]false
[46, 44, 43, 39]false
[38, 37, 35, 32, 27]false
[90, 89, 87, 84, 77, 76]false
[60, 58, 57, 54, 48, 49]false
[88, 85, 83, 81, 80, 76]false
[51, 49, 44, 40]false
[80, 79, 77, 67]false
[80, 79, 76, 68, 65]false
[50, 49, 47, 43]false
[70, 67, 64, 63, 57]false
[32, 30, 22, 20, 18, 14]false
[81, 79, 71, 68, 65, 59]false
[86, 87, 84, 81]false
[89, 92, 87, 88]false
[67, 70, 64, 61, 59, 58, 58]false
[59, 60, 55, 53, 51, 49, 45]false
[51, 53, 48, 45, 42, 41, 36]false
[50, 53, 50, 47, 45, 47, 46]false
[59, 61, 62, 64]true
[63, 65, 62, 60, 62, 62]false
[96, 98, 99, 96, 93, 89]false
[63, 66, 61, 64, 57]false
[30, 32, 31, 30, 29]false
[17, 18, 15, 14, 12, 13]false
[1, 4, 3, 3]false
[13, 15, 13, 10, 8, 4]false
[62, 63, 58, 58, 52]false
[80, 82, 77, 76]false
[85, 88, 84, 81, 80, 76, 79]false
[86, 87, 81, 78, 78]false
[94, 97, 94, 93, 90, 86, 82]false
[58, 61, 55, 54, 52, 46]false
[17, 18, 9, 7, 5, 3]false
[25, 26, 22, 16, 15, 12, 15]false
[57, 58, 51, 48, 47, 47]false
[62, 64, 57, 53]false
[41, 43, 34, 32, 31, 26]false
[16, 13, 10, 7, 6, 3]true
[39, 38, 37, 34, 35]false
[32, 30, 28, 27, 26, 25, 25]false
[56, 53, 50, 47, 43]false
[60, 58, 57, 54, 51, 45]false
[29, 30, 29, 26, 24]false
[79, 78, 80, 81]false
[56, 53, 52, 53, 53]false
[48, 45, 43, 46, 44, 40]false
[80, 79, 80, 75]false
[34, 34, 32, 31, 29, 26]false
[11, 11, 9, 7, 10]false
[62, 60, 60, 60]false
[84, 81, 81, 78, 76, 75, 71]false
[54, 54, 53, 51, 45]false
[60, 59, 58, 56, 55, 51, 50]false
[85, 84, 80, 81]false
[95, 93, 92, 88, 88]false
[65, 61, 60, 58, 54]false
[95, 91, 88, 81]false
[79, 72, 71, 70]false
[46, 39, 38, 41]false
[40, 33, 30, 30]false
[40, 34, 31, 28, 24]false
[61, 56, 54, 51, 44]false
[39, 36, 35, 33, 31]true
[48, 41, 40, 37, 35, 32, 35]false
[53, 46, 44, 41, 38, 38]false
[45, 40, 38, 36, 34, 32, 28]false
[42, 36, 33, 30, 27, 24, 19]false
[62, 55, 56, 54, 53]false
[5, 2, 1, 2]false
[77, 70, 73, 72, 70, 70]false
[33, 26, 28, 24]false
[89, 82, 85, 82, 76]false
[84, 79, 78, 78, 75]false
[75, 71, 70, 71]false
[76, 69, 67, 67, 64, 64]false
[22, 17, 15, 14, 11, 11, 7]false
[31, 27, 24, 19]false
[57, 50, 47, 43, 41]false
[97, 90, 86, 83, 85]false
[50, 44, 43, 41, 37, 34, 34]false
[18, 10, 9, 6, 2]false
[69, 61, 60, 59, 57, 55, 49]false
[73, 67, 65, 58, 57]false
[22, 12, 11, 13]false
[25, 20, 18, 17, 11, 10, 10]false
[86, 80, 74, 72, 69, 65]false
[97, 90, 84, 77]false
[91, 90, 88, 86, 85, 82]true
[88, 82, 79, 78, 76, 78]false
[22, 14, 13, 13]false
[70, 62, 60, 57, 53]false
[43, 34, 33, 32, 25]false
[12, 6, 4, 2, 5, 3]false
[20, 10, 8, 10, 9, 7, 8]false
[85, 79, 80, 77, 74, 74]false
[18, 10, 11, 10, 9, 5]false
[49, 45, 43, 41, 34]false
[84, 76, 76, 74]false
[60, 51, 51, 48, 45, 44, 46]false
[48, 39, 38, 37, 35, 35, 35]false
[62, 56, 54, 53, 52, 48]false
[49, 42, 40, 37, 31]false
[94, 86, 83, 82, 80, 76, 73]false
[30, 21, 20, 17, 18]false
[65, 57, 53, 52, 49, 49]false
[35, 25, 22, 21, 18, 14]false
[37, 28, 27, 23, 22, 21, 16]false
[83, 76, 70, 68]false
[61, 53, 48, 46, 47]false
[48, 40, 34, 33, 31, 29, 29]false
[87, 77, 70, 66]false
[71, 63, 57, 56, 55, 50]false
[80, 81, 84, 86, 89, 91]true
[23, 25, 26, 27, 30, 32, 35]true
[82, 83, 85, 87, 88, 91]true
[42, 44, 47, 48, 49, 52, 54]true
[90, 91, 93, 94, 94, 96]false
[15, 18, 17, 20, 21, 23, 20]false
[86, 88, 89, 91, 88]false
[1, 4, 5, 8, 9]true
[57, 58, 59, 58, 61, 63, 69]false
[77, 79, 80, 81, 82, 83]true
[87, 90, 93, 95, 96, 95]false
[77, 79, 80, 82, 84, 85, 85]false
[43, 44, 46, 47, 48, 49, 53]false
[50, 52, 55, 56, 57, 60, 67]false
[29, 30, 32, 39, 41, 44]false
[70, 73, 76, 81, 82, 79]false
[5, 8, 10, 11, 15]false
[5, 8, 10, 16, 18, 22]false
[36, 38, 40, 42, 45, 48, 58]false
[84, 87, 89, 97, 99]false
[29, 31, 34, 35, 38]true
[43, 45, 47, 55, 57, 57]false
[68, 69, 71, 80]false
[79, 82, 83, 85, 98]false
[31, 29, 34, 35, 38, 41, 42]false
[91, 88, 92, 95, 96, 97, 94]false
[28, 25, 30, 31, 34, 37, 37]false
[48, 45, 49, 53]false
[18, 15, 20, 27]false
[84, 83, 83, 84]false
[9, 6, 9, 8, 11, 10]false
[87, 85, 89, 92, 91, 94, 94]false
[10, 8, 7, 13, 16, 20]false
[57, 56, 55, 56, 57, 63]false
[91, 89, 92, 94, 94, 95, 96]false
[27, 26, 28, 30, 31, 33, 32]false
[88, 85, 90, 90, 90]false
[72, 70, 71, 75]false
[19, 18, 21, 27]false
[85, 84, 91, 93, 96]false
[76, 73, 75, 78, 79, 83, 81]false
[78, 76, 82, 83, 85, 85]false
[6, 4, 11, 14, 18]false
[17, 14, 19, 26]false
[54, 53, 60, 62]false
[74, 73, 80, 78]false
[19, 16, 24, 24]false
[81, 79, 88, 90, 91, 95]false
[24, 21, 25, 28, 34, 37, 44]false
[86, 89, 92, 93]true
[73, 75, 77, 79, 81, 83, 82]false
[56, 58, 61, 64, 65, 68, 68]false
[24, 25, 27, 28, 29, 31, 35]false
[79, 80, 82, 85, 91]false
[93, 95, 92, 94, 95, 96]false
[9, 11, 10, 11, 9]false
[79, 80, 77, 79, 79]false
[1, 4, 7, 8, 10, 9, 13]false
[79, 81, 83, 85, 84, 89]false
[69, 71, 73, 75, 76, 76, 79]false
[94, 94, 95, 96, 99, 97]false
[28, 31, 31, 32, 33, 33]false
[71, 72, 73, 73, 77]false
[32, 35, 36, 36, 41]false
[78, 79, 83, 84, 87, 89, 90]false
[11, 14, 18, 21, 23, 25, 24]false
[19, 21, 25, 28, 29, 29]false
[78, 82, 85, 86, 88, 90, 94]false
[61, 63, 67, 68, 75]false
[23, 28, 29, 31]false
[31, 38, 40, 38]false
[84, 89, 90, 92, 95, 96, 96]false
[32, 33, 38, 42]false
[32, 33, 34, 37, 42, 47]false
[53, 56, 58, 61, 64, 66]true
[54, 61, 62, 65, 66, 65]false
[21, 27, 30, 30]false
[42, 49, 50, 51, 55]false
[58, 63, 65, 66, 69, 72, 78]false
[89, 96, 94, 96]false
[36, 37, 39, 42, 44, 47, 46]false
[81, 86, 85, 88, 91, 91]false
[15, 20, 18, 19, 20, 21, 25]false
[75, 78, 80, 86]false
[25, 32, 34, 37, 37, 40, 43]false
[42, 49, 52, 55, 58, 58, 57]false
[5, 11, 13, 13, 16, 17, 17]false
[83, 87, 90, 91, 93, 97]false
[19, 24, 27, 27, 30, 36]false
[18, 23, 27, 29]false
[8, 13, 14, 18, 16]false
[19, 25, 29, 29]false
[60, 65, 69, 72, 73, 76, 80]false
[29, 34, 38, 39, 44]false
[64, 69, 70, 72, 78, 80]false
[8, 15, 18, 25, 26, 25]false
[39, 46, 47, 52, 52]false
[41, 47, 54, 58]false
[3, 12, 14, 15, 22]false
[27, 28, 30, 32]true
[3, 13, 15, 16, 15]false
[44, 51, 53, 53]false
[1, 9, 10, 11, 12, 13, 17]false
[16, 24, 25, 30]false
[24, 30, 29, 31, 33]false
[39, 49, 47, 50, 51, 49]false
[20, 23, 26, 26]false
[39, 47, 49, 48, 50, 54]false
[18, 25, 27, 26, 31]false
[13, 21, 21, 23, 24, 27]false
[32, 38, 38, 40, 43, 40]false
[39, 48, 50, 52, 52, 52]false
[35, 42, 43, 43, 46, 49, 53]false
[41, 48, 51, 53, 60]false
[11, 20, 24, 26, 28]false
[6, 15, 19, 16]false
[80, 88, 92, 95, 96, 98, 98]false
[73, 80, 84, 86, 90]false
[69, 77, 81, 82, 85, 91]false
[16, 24, 27, 32, 34, 36, 39]false
[56, 65, 71, 74, 73]false
[59, 67, 72, 72]false
[11, 20, 23, 29, 30, 33, 37]false
[40, 48, 51, 58, 65]false
[57, 55, 54, 51, 49, 48, 47]true
[6, 5, 2, 1]true
[88, 86, 84, 83, 80, 79]true
[71, 70, 67, 66]true
[46, 45, 43, 42, 39, 36]true
[21, 19, 17, 17, 20]false
[56, 55, 52, 53, 53]false
[76, 75, 76, 73, 71, 67]false
[55, 54, 53, 51]true
[86, 84, 82, 80, 79]true
[28, 25, 23, 21, 19, 17, 18]false
[91, 88, 85, 85]false
[83, 82, 79, 78, 74]false
[43, 40, 38, 31]false
[69, 68, 66, 65, 64, 58, 57]false
[77, 76, 74, 72, 70, 69, 66]true
[71, 70, 69, 65]false
[60, 57, 54, 52, 46, 45, 41]false
[83, 80, 78, 76, 66]false
[86, 83, 73, 72, 71]false
[80, 79, 77, 75, 74, 65, 66]false
[53, 50, 49, 47, 44, 37, 37]false
[27, 24, 21, 12, 10, 6]false
[51, 50, 43, 41, 34]false
[45, 44, 41, 40, 39, 36]true
[82, 84, 80, 78, 77, 74, 75]false
[45, 46, 42, 39, 37, 37]false
[39, 42, 39, 37, 34, 30]false
[73, 76, 71, 70, 69, 62]false
[13, 16, 19, 17, 16]false
[18, 19, 17, 16, 18, 15, 18]false
[11, 13, 13, 12, 12]false
[19, 22, 23, 19]false
[83, 85, 87, 81]false
[75, 77, 74, 72, 70]false
[22, 25, 22, 20, 18, 15, 17]false
[11, 14, 11, 11]false
[93, 94, 89, 89, 88, 87, 83]false
[16, 18, 16, 15, 9]false
[25, 27, 22, 19, 18, 15, 13]false
[77, 78, 72, 71, 69, 66, 67]false
[94, 96, 93, 89, 89]false
[31, 32, 28, 24, 22, 21, 17]false
[36, 39, 35, 33, 29, 23]false
[28, 29, 25, 20, 17]false
[60, 63, 59, 54, 52, 55]false
[54, 57, 54, 53, 48, 48]false
[32, 35, 26, 22]false
[34, 36, 32, 29, 23, 22, 17]false
[71, 68, 65, 63, 61, 58]true
[30, 27, 26, 24, 21, 22]false
[12, 11, 9, 6, 4, 3, 3]false
[17, 14, 12, 10, 8, 6, 2]false
[64, 62, 60, 57, 55, 48]false
[87, 84, 87, 86, 85]false
[55, 54, 55, 53, 50, 52]false
[54, 51, 48, 49, 48, 46, 46]false
[35, 32, 29, 26, 23, 26, 22]false
[10, 9, 11, 9, 2]false
[40, 37, 36, 36, 33]false
[34, 33, 33, 30, 33]false
[67, 65, 63, 60, 58, 58, 58]false
[15, 14, 14, 12, 10, 6]false
[74, 72, 71, 71, 65]false
[48, 45, 41, 39, 36, 33]false
[31, 27, 26, 27]false
[54, 50, 48, 46, 46]false
[62, 59, 55, 52, 48]false
[49, 45, 42, 41, 36]false
[95, 89, 87, 86, 84, 82, 79]false
[52, 50, 48, 43, 46]false
[37, 34, 33, 32, 30, 23, 23]false
[89, 86, 80, 77, 73]false
[69, 67, 60, 55]false
[21, 19, 17, 16, 15]true
[80, 75, 74, 72, 71, 73]false
[18, 12, 9, 6, 5, 4, 4]false
[89, 82, 79, 76, 73, 70, 66]false
[78, 72, 71, 70, 64]false
[50, 45, 43, 45, 44, 42, 39]false
[81, 74, 75, 73, 71, 74]false
[78, 75, 72, 69, 66, 66]false
[59, 54, 53, 50, 47, 50, 46]false
[49, 42, 39, 40, 37, 36, 30]false
[94, 87, 85, 83, 82, 82, 80]false
[15, 8, 8, 9]false
[24, 19, 16, 13, 12, 12, 12]false
[57, 51, 49, 48, 47, 47, 43]false
[66, 61, 59, 59, 57, 52]false
[73, 67, 65, 61, 60]false
[98, 91, 90, 86, 83, 86]false
[73, 65, 63, 63]false
[24, 19, 15, 11]false
[99, 93, 92, 88, 87, 81]false
[89, 82, 77, 76]false
[30, 20, 19, 18, 19]false
[49, 44, 42, 39, 34, 34]false
[39, 34, 31, 26, 23, 19]false
[60, 54, 49, 46, 40]false
[47, 44, 43, 40, 39]true
[23, 16, 13, 12, 10, 9, 11]false
[99, 90, 87, 85, 84, 81, 81]false
[35, 29, 27, 26, 23, 21, 17]false
[20, 14, 13, 10, 5]false
[23, 15, 14, 16, 14, 12]false
[53, 46, 48, 45, 43, 45]false
[9, 1, 2, 2]false
[55, 51, 49, 46, 42]false
[75, 65, 62, 60, 62, 60, 53]false
[71, 62, 59, 59, 58, 55, 53]false
[24, 14, 13, 13, 14]false
[12, 6, 4, 4]false
[44, 35, 32, 32, 29, 26, 22]false
[30, 24, 23, 22, 20, 15]false
[45, 37, 36, 32, 29]false
[27, 19, 15, 13, 10, 8, 9]false
[83, 72, 70, 70]false
[52, 43, 39, 37, 36, 32]false
[58, 47, 45, 42, 39, 33]false
[51, 43, 41, 34, 33, 30]false
[55, 48, 41, 43]false
[20, 11, 4, 3, 1, 1]false
[84, 76, 74, 67, 64, 63, 59]false
[85, 76, 75, 73, 68, 67, 60]false
[75, 71, 68, 71]false
[87, 84, 83, 80, 83, 77]false
[17, 24, 26, 27, 26, 28, 33]false
[65, 60, 60, 57]false
[19, 20, 16, 15, 15]false
[46, 44, 43, 42, 39, 37, 33]false
[83, 83, 85, 86, 89, 90, 94]false
[46, 55, 60, 67]false
[98, 90, 87, 84, 84]false
[87, 88, 81, 80, 79, 73]false
[4, 6, 8, 9, 9, 8]false
[59, 56, 53, 55, 52]false
[31, 33, 30, 33]false
[40, 38, 35, 29, 27]false
[92, 90, 87, 84, 76, 75, 78]false
[26, 27, 30, 33, 36, 40]false
[42, 36, 33, 34, 32]false
[79, 72, 72, 69, 72]false
[57, 51, 49, 47, 44, 40]false
[47, 56, 58, 62, 62]false
[27, 29, 34, 36, 37, 38]false
[49, 51, 51, 51]false
[49, 57, 59, 61, 65]false
[90, 92, 93, 97]false
[40, 32, 30, 26]false
[94, 88, 85, 85]false
[39, 36, 34, 27, 24, 23, 26]false
[47, 45, 43, 42, 43, 41, 37]false
[30, 37, 38, 40, 43, 46, 45]false
[70, 72, 75, 79, 82, 86]false
[99, 96, 95, 94, 94, 87]false
[69, 72, 68, 61]false
[80, 76, 73, 72, 69, 65]false
[94, 93, 87, 87]false
[51, 52, 53, 56, 62]false
[46, 40, 37, 35, 31]false
[63, 61, 60, 57, 56, 54, 54]false
[45, 43, 41, 35, 34, 31, 25]false
[36, 36, 37, 40, 47]false
[94, 87, 83, 82, 80, 80]false
[62, 69, 73, 76]false
[37, 40, 32, 30, 24]false
[21, 7, 6, 4]false
[41, 42, 45, 48, 49, 52, 54]true
[19, 32, 33, 34, 34]false
[37, 38, 41, 42, 43, 46]true
[82, 83, 86, 89, 92, 95, 99]false
[38, 36, 35, 33, 30, 28]true
[18, 17, 11, 13]false
[92, 93, 92, 91, 90, 85]false
[80, 78, 76, 74, 77]false
[19, 22, 24, 32, 39]false
[76, 69, 66, 65, 64, 61, 55]false
[14, 17, 12, 11, 5, 5]false
[69, 70, 71, 72, 69]false
[39, 40, 38, 39, 39]false
[54, 57, 60, 62, 63, 66]true
[60, 54, 53, 50, 48, 45, 47]false
[55, 51, 50, 47]false
[88, 92, 95, 92]false
[50, 52, 58, 59, 63]false
[22, 24, 25, 29, 31, 33]false
[7, 6, 11, 17, 18, 21, 28]false
[70, 72, 74, 75, 78]true
[60, 63, 60, 57, 55, 51]false
[20, 17, 21, 24, 31, 34, 32]false
[3, 10, 12, 16, 17, 20, 21]false
[89, 88, 92, 92, 94, 95, 97]false
[99, 98, 95, 94]true
[59, 67, 68, 67, 67]false
[90, 82, 79, 74, 73, 66]false
[34, 39, 42, 42]false
[61, 60, 58, 55, 52, 48, 43]false
[62, 73, 75, 73]false
[74, 78, 80, 82, 86]false
[36, 37, 36, 31]false
[41, 38, 38, 38]false
[7, 12, 9, 12, 13, 16, 23]false
[99, 92, 90, 88, 82, 79, 81]false
[7, 8, 10, 13]true
[13, 19, 22, 23, 27]false
[17, 15, 13, 8]false
[56, 49, 49, 47, 47]false
[35, 42, 45, 42, 45]false
[59, 66, 67, 71]false
[48, 50, 51, 51]false
[82, 79, 85, 89, 96]false
[81, 77, 75, 72]false
[25, 19, 19, 17]false
[59, 61, 65, 67, 74]false
[5, 6, 16, 19, 19]false
[59, 62, 65, 67, 70, 76, 76]false
[46, 51, 52, 53, 57, 58, 63]false
[6, 3, 8, 10, 10]false
[82, 71, 70, 67, 64, 62, 58]false
[46, 46, 43, 40, 36]false
[9, 15, 17, 24, 25, 32]false
[48, 47, 44, 42, 41, 38, 37]true
[19, 26, 31, 33, 35]false
[29, 26, 29, 31, 34]false
[38, 35, 33, 30, 28, 31, 27]false
[10, 16, 18, 19, 20, 17]false
[74, 70, 67, 66, 64, 65]false
[34, 28, 28, 25, 23, 20, 16]false
[38, 35, 37, 40, 38]false
[43, 42, 51, 53, 53]false
[66, 67, 69, 72, 74]true
[3, 9, 10, 11, 16]false
[49, 48, 46, 43, 41, 40, 38]true
[17, 14, 20, 18]false
[72, 65, 63, 62, 59, 62, 62]false
[69, 61, 60, 63]false
[17, 16, 21, 21, 23, 25, 32]false
[28, 25, 23, 24]false
[41, 42, 45, 46, 49, 53]false
[98, 95, 92, 90, 89]true
[68, 71, 73, 70, 66]false
[29, 26, 25, 21, 19, 18, 18]false
[62, 60, 58, 58, 57]false
[49, 47, 48, 51]false
[62, 63, 66, 68, 70, 71]true
[7, 5, 10, 13, 14, 17, 17]false
[85, 93, 95, 95, 92]false
[24, 21, 20, 18, 17, 20]false
[8, 16, 17, 21]false
[91, 86, 86, 85, 79]false
[48, 42, 40, 38, 37, 32]false
[25, 34, 37, 42]false
[25, 13, 11, 7]false
[55, 52, 51, 44, 43, 42, 41]false
[82, 81, 78, 76, 75]true
[76, 83, 85, 87, 87, 87]false
[3, 10, 13, 14, 17, 20, 17]false
[23, 26, 27, 29, 31, 32]true
[32, 27, 24, 20, 19, 19]false
[39, 44, 45, 49, 50, 47]false
[26, 25, 29, 36, 40]false
[63, 67, 69, 72, 72]false
[69, 77, 79, 82, 86, 89, 87]false
[9, 11, 12, 13]true
[62, 62, 61, 59, 58, 56, 58]false
[24, 26, 24, 24, 21, 19, 19]false
[39, 41, 40, 40]false
[77, 74, 71, 70, 68, 66, 57]false
[90, 83, 84, 81, 79, 74]false
[92, 87, 84, 77, 71]false
[37, 44, 45, 52, 51]false
[55, 56, 53, 52, 49, 45, 48]false
[44, 47, 52, 55, 56, 57, 59]false
[88, 97, 99, 99]false
[9, 10, 13, 15, 15]false
[13, 10, 7, 10, 12, 12]false
[34, 28, 22, 25]false
[51, 53, 56, 59, 60]true
[55, 56, 59, 61, 63, 62]false
[66, 73, 75, 78, 81, 81, 86]false
[19, 20, 21, 24, 26, 35]false
[65, 64, 56, 53]false
[27, 28, 33, 35, 41]false
[80, 79, 78, 77]true
[61, 53, 51, 48, 46]false
[97, 90, 83, 80, 79, 78]false
[37, 45, 47, 50, 52, 53, 58]false
[27, 32, 35, 36, 39, 36, 36]false
[14, 15, 10, 6, 2]false
[81, 89, 90, 90]false
[80, 73, 70, 69, 67, 66, 69]false
[49, 46, 44, 41, 37]false
[88, 85, 88, 89, 93]false
[40, 32, 29, 30, 28, 31]false
[37, 34, 33, 32, 31, 29, 28]true
[70, 73, 75, 78, 79, 81, 84, 85]true
[43, 41, 39, 36, 35, 34, 33, 31]true
[95, 93, 92, 90, 89, 87, 85, 84]true
[33, 31, 28, 26, 23, 22, 19, 16]true
[2, 5, 7, 9, 12, 13]true
[55, 54, 52, 50, 49, 47]true
[41, 42, 45, 48, 50, 53, 54, 55]true
[74, 76, 79, 82, 85, 87, 89, 90]true
[9, 10, 12, 14, 16, 18, 20, 21]true
[95, 92, 90, 87, 85, 82]true
[82, 83, 86, 89, 92, 95, 98]true
[33, 36, 38, 41, 44, 45, 48, 50]true
[50, 49, 47, 44, 43]true
[82, 80, 79, 76, 74, 73, 70]true
[4, 7, 10, 11, 14]true
[90, 88, 86, 84, 82, 79]true
[41, 42, 44, 45, 47, 50, 53, 56]true
[62, 59, 56, 53, 51, 50, 49, 48]true
[61, 59, 57, 54, 51, 50, 49]true
[51, 53, 56, 57, 58, 59, 61]true
[68, 67, 66, 64, 62, 61, 58]true
[8, 10, 12, 15, 16, 18]true
[7, 9, 12, 15, 16]true
[72, 71, 68, 66, 63]true
[47, 46, 43, 42, 40, 39, 37, 35]true
[45, 43, 42, 41, 39, 36]true
[80, 82, 85, 86, 89, 90, 93, 96]true
[19, 16, 13, 10, 7, 5, 4]true
[78, 81, 84, 86, 88, 89, 91]true
[45, 42, 40, 37, 35]true
[34, 37, 40, 43, 44, 46, 48, 50]true
[58, 60, 61, 62, 65, 66]true
[31, 30, 27, 26, 24, 21, 18]true
[29, 28, 27, 26, 23]true
[9, 11, 13, 16, 18, 19, 21, 24]true
[54, 52, 51, 48, 45, 44, 43]true
[5, 7, 10, 12, 14, 17, 19, 20]true
[9, 10, 11, 14, 16, 18]true
[18, 16, 14, 13, 10]true
[46, 44, 42, 40, 39, 38, 36]true
[52, 51, 48, 45, 43]true
[95, 92, 89, 86, 84, 82]true
[72, 75, 76, 77, 80, 83]true
[86, 83, 80, 77, 75]true
[49, 50, 53, 55, 58]true
[58, 61, 64, 66, 67, 70, 73, 74]true
[34, 36, 39, 41, 42, 45]true
[47, 46, 45, 42, 41]true
[75, 77, 79, 80, 82, 83, 86]true
[75, 72, 69, 68, 66, 63]true
[22, 24, 26, 28, 29]true
[63, 60, 59, 58, 56, 54, 53]true
[62, 64, 66, 67, 68]true
[81, 83, 85, 86, 89, 90, 92]true
[67, 69, 70, 71, 74, 76]true
[74, 72, 71, 70, 68, 65, 63]true
[1, 3, 4, 6, 7]true
[48, 45, 42, 39, 37, 34]true
[37, 35, 33, 32, 30, 27]true
[67, 64, 61, 60, 58, 55, 53, 50]true
[25, 24, 22, 20, 19]true
[73, 74, 76, 77, 79, 80, 83]true
[29, 26, 25, 22, 19]true
[17, 16, 15, 14, 12, 10]true
[66, 64, 63, 62, 59, 57, 55, 52]true
[56, 54, 53, 51, 49]true
[40, 39, 36, 33, 30, 29, 27, 24]true
[36, 34, 33, 31, 29]true
[92, 93, 94, 95, 96, 99]true
[94, 92, 91, 89, 87]true
[15, 13, 12, 10, 9, 8, 5]true
[43, 41, 39, 36, 34, 33, 32]true
[70, 68, 65, 63, 62, 60, 59]true
[28, 25, 24, 21, 19, 18]true
[93, 92, 91, 88, 85, 83]true
[7, 6, 5, 3, 1]true
[29, 31, 33, 35, 36]true
[67, 64, 61, 58, 57, 56]true
[92, 89, 88, 87, 86]true
[73, 74, 77, 80, 83]true
[36, 33, 30, 27, 25, 22, 21]true
[18, 21, 24, 27, 28, 30, 33, 34]true
[35, 36, 38, 39, 40, 43, 46]true
[26, 27, 30, 32, 33, 34]true
[68, 69, 70, 72, 73]true
[61, 59, 57, 55, 54, 52, 49]true
[38, 39, 42, 45, 47, 50, 53]true
[1, 3, 5, 8, 10, 12, 13, 16]true
[28, 26, 23, 20, 19, 16]true
[77, 78, 79, 82, 84]true
[47, 50, 53, 54, 55, 58, 60]true
[21, 19, 16, 13, 11]true
[80, 82, 83, 84, 85]true
[92, 91, 90, 87, 85, 84, 83, 80]true
[43, 46, 47, 50, 53]true
[20, 23, 24, 25, 28]true
[18, 19, 22, 25, 28, 29, 31, 34]true
[44, 47, 48, 49, 50, 51, 52, 54]true
[72, 70, 69, 67, 66, 64]true
[20, 18, 17, 16, 15, 13, 11, 9]true
[45, 47, 49, 52, 53, 56, 58]true
[82, 84, 86, 89, 90]true
[79, 81, 83, 84, 87, 90, 91, 92]true
[14, 17, 19, 22, 23, 24, 27]true
[18, 15, 12, 10, 7, 5]true
[72, 69, 68, 65, 63]true
[49, 47, 45, 44, 43, 40, 37]true
[17, 20, 21, 23, 25, 27]true
[65, 63, 62, 59, 58]true
[64, 61, 58, 56, 54]true
[76, 73, 71, 70, 67, 64]true
[61, 64, 65, 66, 69]true
[19, 22, 23, 24, 27, 28, 29]true
[46, 45, 43, 41, 39, 37]true
[15, 12, 9, 6, 5, 2, 1]true
[32, 30, 29, 26, 23, 20]true
[16, 19, 22, 24, 27, 29, 31, 34]true
[61, 58, 55, 52, 51, 50, 47, 45]true
[57, 55, 52, 49, 47, 46]true
[98, 95, 92, 90, 89]true
[21, 18, 17, 15, 14, 12]true
[62, 65, 68, 71, 73, 76]true
[74, 72, 69, 66, 63, 61]true
[13, 12, 10, 9, 6, 4, 3, 1]true
[92, 89, 86, 84, 83, 80, 77]true
[62, 63, 64, 65, 67, 68, 71]true
[73, 74, 75, 77, 78, 80, 82]true
[54, 57, 58, 59, 60, 62, 64, 65]true
[76, 73, 71, 68, 67, 65, 62, 60]true
[44, 46, 47, 48, 51]true
[23, 24, 27, 28, 29, 32]true
[68, 71, 72, 75, 78, 81]true
[16, 19, 22, 24, 26]true
[9, 11, 13, 16, 18, 20, 23]true
[73, 70, 68, 67, 66, 64, 62]true
[79, 81, 82, 84, 85]true
[64, 61, 60, 59, 57, 54, 51, 48]true
[11, 8, 5, 4, 1]true
[76, 73, 70, 67, 65, 62, 61, 60]true
[69, 70, 73, 76, 77, 80, 82, 85]true
[67, 64, 63, 61, 59, 58, 57, 56]true
[66, 65, 64, 61, 58, 55, 53, 51]true
[41, 44, 47, 50, 51, 54, 55]true
[63, 60, 59, 56, 55, 54, 53, 51]true
[36, 33, 31, 29, 26, 25]true
[9, 7, 6, 5, 4]true
[73, 71, 68, 65, 62]true
[80, 77, 76, 74, 71, 68, 67]true
[29, 30, 32, 35, 37, 39]true
[18, 17, 15, 12, 9, 7, 5, 4]true
[75, 73, 71, 70, 69, 67, 64, 61]true
[59, 57, 54, 53, 50, 47]true
[85, 88, 89, 90, 92, 93]true
[7, 8, 10, 13, 15, 17, 19, 21]true
[79, 76, 74, 73, 71, 68, 67]true
[52, 49, 48, 46, 43, 40, 38, 37]true
[96, 95, 93, 90, 87, 86, 83]true
[20, 17, 16, 15, 12, 11, 10, 8]true
[61, 60, 58, 57, 54, 53, 52, 51]true
[62, 61, 60, 59, 56, 54]true
[17, 16, 15, 12, 11, 8, 7]true
[35, 33, 32, 29, 26, 24, 22, 19]true
[16, 18, 21, 22, 25, 28]true
[59, 58, 57, 55, 54, 53, 50]true
[51, 53, 55, 56, 58, 60, 62]true
[38, 39, 42, 43, 46, 48, 49]true
[12, 15, 16, 17, 19, 22]true
[42, 44, 45, 46, 48, 50]true
[41, 40, 39, 36, 33, 31]true
[47, 49, 50, 51, 53, 55]true
[92, 89, 87, 85, 82, 79, 76, 74]true
[75, 76, 78, 79, 82]true
[30, 27, 24, 22, 19]true
[80, 81, 82, 83, 84, 85, 86, 89]true
[55, 56, 57, 59, 62, 63, 66, 69]true
[73, 74, 77, 80, 83, 85, 87, 89]true
[89, 87, 86, 85, 83, 80, 77, 75]true
[39, 41, 42, 43, 45, 46, 49, 50]true
[52, 54, 57, 58, 59, 62, 65, 67]true
[50, 52, 54, 57, 58, 61, 63, 64]true
[9, 11, 14, 17, 18]true
[60, 59, 58, 55, 53, 52, 50, 48]true
[52, 54, 55, 57, 58]true
[87, 90, 92, 93, 95, 98, 99]true
[90, 88, 86, 83, 81, 80, 78]true
[91, 88, 85, 84, 81, 79, 78, 76]true
[35, 33, 32, 30, 28, 26, 24]true
[41, 40, 39, 36, 35, 33, 30, 29]true
[89, 91, 94, 96, 99]true
[74, 76, 79, 80, 83, 84, 87]true
[62, 59, 56, 54, 51, 49]true
[17, 15, 13, 12, 10, 8, 5]true
[83, 84, 85, 86, 87, 88]true
[16, 13, 10, 7, 6, 3, 2]true
[63, 64, 66, 68, 69, 71, 73, 76]true
[82, 84, 87, 90, 92, 95, 98]true
[12, 13, 15, 16, 17, 19]true
[79, 80, 81, 83, 84, 85, 87, 88]true
[20, 23, 25, 28, 31, 33, 34, 36]true
[5, 7, 10, 12, 14]true
[84, 85, 87, 88, 90, 92, 95]true
[48, 51, 53, 54, 57]true
[53, 56, 58, 60, 61, 64, 66]true
[77, 76, 73, 72, 69, 67]true
[65, 62, 61, 59, 58, 55]true
[75, 74, 72, 70, 67, 64]true
[59, 58, 57, 56, 55, 54]true
[67, 65, 64, 62, 60, 59, 58]true
[72, 73, 74, 75, 78, 79, 81]true
[62, 64, 67, 68, 71, 72, 75]true
[6, 9, 12, 15, 16, 17]true
[34, 36, 39, 41, 43, 44]true
[41, 42, 45, 46, 48, 51]true
[49, 50, 52, 55, 57, 60, 62, 63]true
[55, 56, 59, 60, 62, 64, 65]true
[86, 89, 90, 93, 96]true
[80, 78, 75, 74, 71, 70, 68, 65]true
[83, 81, 79, 76, 74, 73]true
[69, 68, 65, 62, 61, 59]true
[80, 83, 84, 87, 89, 90, 92]true
[33, 31, 29, 27, 24, 22]true
[31, 34, 36, 39, 41]true
[92, 91, 89, 88, 86, 85, 83]true
[93, 90, 89, 87, 85, 83]true
[36, 38, 41, 44, 46, 47]true
[11, 13, 14, 15, 17, 19, 22, 24]true
[4, 6, 7, 9, 10, 13, 15]true
[70, 71, 74, 77, 79, 81]true
[13, 10, 7, 5, 4]true
[43, 44, 47, 48, 50, 53, 55, 58]true
[60, 61, 63, 65, 67, 68, 70, 72]true
[75, 77, 79, 82, 85, 88]true
[51, 53, 55, 57, 60, 63, 65]true
[17, 20, 21, 24, 26]true
[47, 46, 45, 43, 41, 39, 38]true
[39, 42, 44, 45, 48, 49, 51]true
[60, 58, 57, 54, 52, 51, 50]true
[37, 36, 34, 32, 29, 26, 23]true
[64, 62, 59, 58, 55, 53, 51]true
[53, 54, 56, 59, 62, 65, 67]true
[72, 71, 69, 68, 67]true
[48, 45, 42, 41, 40, 38]true
[52, 50, 49, 46, 44, 43, 42]true
[16, 13, 12, 11, 10, 9]true
[28, 27, 24, 22, 21, 19, 18]true
[9, 12, 14, 17, 20, 22, 25, 26]true
[70, 72, 74, 75, 77, 78]true
[87, 85, 83, 80, 78, 76, 74, 72]true
[50, 49, 47, 45, 42, 40]true
[73, 71, 69, 67, 64, 61, 60, 57]true
[12, 14, 17, 18, 20, 22]true
[77, 74, 73, 72, 69, 67]true
[77, 74, 72, 69, 67, 66, 63, 60]true
[53, 56, 59, 60, 63, 65, 66]true
[40, 42, 44, 46, 49, 50, 51, 53]true
[66, 68, 70, 73, 75, 77, 78, 79]true
[34, 35, 38, 41, 43, 45, 48, 50]true
[3, 5, 7, 9, 11, 14]true
[75, 77, 80, 83, 84, 85, 88, 89]true
[90, 91, 93, 94, 96]true
[52, 53, 55, 57, 60]true
[65, 63, 60, 59, 58]true
[57, 58, 60, 61, 63, 64]true
[20, 19, 18, 16, 15, 13]true
[18, 19, 20, 21, 24, 27]true
[56, 53, 50, 48, 47]true
[19, 21, 23, 25, 27, 28, 29, 32]true
[64, 65, 66, 68, 71]true
[88, 87, 85, 82, 81, 78]true
[58, 59, 62, 64, 67]true
[91, 89, 87, 86, 83, 82]true
[84, 87, 89, 90, 91, 94, 97]true
[59, 60, 61, 64, 65, 66, 68, 70]true
[70, 73, 74, 76, 78, 81]true
[46, 49, 50, 52, 55]true
[19, 16, 14, 13, 10, 9, 8]true
[79, 76, 73, 70, 69, 66, 65]true
[34, 33, 32, 30, 28, 26]true
[15, 18, 20, 21, 23, 26]true
[89, 92, 93, 96, 99]true
[95, 92, 91, 90, 87]true
[17, 16, 15, 12, 10, 8]true
[47, 48, 50, 53, 55, 58]true
[19, 21, 24, 26, 29, 30, 32, 33]true
[35, 37, 40, 43, 44, 47, 50, 51]true
[1, 2, 5, 6, 8, 11]true
[59, 57, 56, 54, 53, 52, 50, 49]true
[21, 24, 25, 27, 30, 31]true
[32, 31, 30, 29, 27, 26]true
[32, 29, 26, 24, 23, 21]true
[20, 17, 15, 12, 11, 8, 7, 4]true
[60, 57, 56, 54, 53, 52, 51, 48]true
[72, 71, 70, 68, 67, 64, 62, 60]true
[53, 51, 50, 47, 44, 41, 40, 38]true
[86, 89, 91, 93, 95]true
[8, 10, 12, 13, 14, 15, 18, 21]true
[69, 70, 71, 72, 73, 74, 76]true
[34, 32, 29, 26, 25, 23, 21]true
[70, 67, 64, 63, 62, 59, 57]true
[60, 59, 57, 56, 53, 52, 49]true
[83, 85, 86, 88, 89]true
[91, 88, 85, 84, 81]true
[86, 84, 83, 81, 78]true
[49, 52, 53, 54, 57]true
[8, 9, 11, 14, 16, 17, 18, 19]true
[77, 80, 82, 85, 86, 88, 90, 92]true
[57, 59, 60, 63, 65, 67, 68]true
[71, 69, 66, 64, 61, 59, 57]true
[76, 74, 71, 69, 66, 65]true
[33, 35, 36, 38, 39, 41, 44, 47]true
[81, 84, 86, 89, 90, 93]true
[79, 78, 77, 76, 75, 72, 70, 69]true
[20, 23, 24, 27, 28, 31]true
[61, 59, 58, 57, 56, 54, 51, 49]true
[28, 30, 31, 32, 35, 36, 37]true
[55, 56, 58, 61, 63, 65]true
[63, 62, 59, 56, 54]true
[33, 32, 30, 28, 27]true
[23, 20, 19, 18, 15, 13, 12, 9]true
[68, 66, 63, 61, 59, 58, 56, 53]true
[87, 90, 92, 94, 95, 97]true
[71, 74, 75, 78, 80, 81]true
[81, 79, 76, 73, 71, 69, 68]true
[57, 59, 62, 64, 66, 68]true
[91, 88, 85, 82, 79, 78, 76]true
[23, 20, 17, 15, 13, 10]true
[62, 63, 66, 68, 69, 71]true
[62, 64, 66, 69, 71, 73, 76, 79]true
[30, 31, 33, 36, 39, 40, 41]true
[55, 54, 52, 51, 48, 45, 43]true
[40, 43, 45, 46, 47, 50]true
[48, 46, 43, 42, 40, 38]true
[87, 84, 83, 80, 77, 76]true
